## Score of path: 1577.19
#Inter	1	318	+	-50	0	0	0
#Prom	319	358	+	133	0	0	.
#Utr5	359	520	+	0	0	0	0
#Einit1	521	641	+	291	0	1	0
#Intron1	642	1065	+	0	0	0	0
Exon1	1066	1362	+	453	2	1	1
#Intron1	1363	1859	+	0	0	0	0
Exon2	1860	2028	+	351	2	2	0
#Intron2	2029	2636	+	0	0	0	0
Exon0	2637	2802	+	264	1	0	2
#Intron0	2803	3557	+	0	0	0	0
Exon0	3558	3797	+	431	0	0	1
#Intron0	3798	4130	+	0	0	0	0
Eterm	4131	4247	+	219	0	0	1
#Utr3	4248	4649	+	0	0	0	0
#PolyA	4650	4655	+	99	0	0	.
#Inter	4656	5592	+	0	0	0	0
#PolyA-	5593	5598	-	99	0	0	.
#Utr3-	5599	6537	-	0	0	0	0
Eterm0-	6538	6654	-	219	0	0	1
Intron0-	6655	6987	-	0	0	0	0
Exon0-	6988	7227	-	431	0	0	1
Intron0-	7228	7982	-	0	0	0	0
Exon2TG-	7983	8148	-	264	1	0	2
Intron2TG-	8149	8756	-	0	0	0	0
Exon1-	8757	8925	-	351	2	2	0
Intron1-	8926	9422	-	0	0	0	0
Exon1-	9423	9719	-	453	2	1	1
Intron1-	9720	10143	-	0	0	0	0
Einit-	10144	10264	-	291	0	1	0
#Utr5-	10265	10426	-	0	0	0	0
#Prom-	10427	10466	-	133	0	0	.
#Inter	10467	10784	+	0	0	0	0
